258941.459957 3805880.552098
258986.645038 3805891.758098
259024.640833 3805901.802485
259114.496399 3805922.033268
259152.969089 3805921.841429
259167.085833 3805920.675281
259181.092908 3805919.518091
259183.561227 3805920.249908
259291.048125 3805967.142106
259371.404482 3806003.755593
259418.090288 3806024.224181
259529.504811 3806074.902649
259537.294998 3806078.364825
259606.323009 3806109.626652
259636.864480 3806123.457624
259739.785550 3806170.068471
259762.525085 3806180.487190
259772.494692 3806184.991095
259831.137011 3806211.045879
259893.070595 3806239.035924
259951.189413 3806265.342316
259966.549520 3806271.878392
259987.718217 3806280.888829
260008.961758 3806290.720674
260018.284769 3806295.441816
260115.407866 3806339.652696
260145.884892 3806353.425267
260147.449796 3806354.128055
260155.286749 3806357.638902
260257.350554 3806403.641840
260312.598411 3806428.152554
260380.069962 3806458.664158
260408.464778 3806471.430312
260402.312225 3806487.800578
260397.224313 3806499.234750
260372.074940 3806558.044894
260525.681191 3806627.235615
260488.937177 3806714.204144
260585.491423 3806754.450347
260655.482006 3806786.218692
260686.781229 3806800.243034
260701.145550 3806806.189051
260765.648950 3806832.872788
260782.250516 3806839.926908
260814.600115 3806853.955670
260831.691520 3806861.771307
260853.145330 3806871.420688
260865.027606 3806876.989597
260876.326357 3806896.984994
260865.715573 3806923.153964
260842.898400 3806980.546290
260837.775085 3806997.984306
260831.786952 3807092.432034
260898.380139 3807101.910371
260920.232557 3807103.899885
260933.722720 3807105.884969
260991.917451 3807115.449765
261025.015042 3807124.400190
261077.211852 3807144.633316
261097.738611 3807153.955522
261105.181645 3807157.597283
261206.079604 3807207.940760
261258.604252 3807234.120322
261299.315618 3807254.617971
261330.942015 3807270.541421
261352.130066 3807281.157450
261370.750854 3807290.448748
261383.494615 3807296.548201
261461.720930 3807335.656106
261474.165875 3807341.972996
261515.536174 3807362.981901
261566.701662 3807316.903565
261665.043838 3807355.147235
261707.458374 3807372.131191
261797.174137 3807407.174125
261928.249889 3807458.508207
262051.659952 3807506.327330
262151.546368 3807543.555834
262165.190483 3807559.632384
262197.698141 3807597.587802
262229.558506 3807642.845646
262271.551369 3807691.005402
262310.661431 3807735.498958
262394.297336 3807831.208565
262474.170324 3807922.263409
262488.819421 3807939.603543
262554.212161 3808015.491198
262632.660717 3808109.050062
262713.530890 3808204.918849
262791.136206 3808284.949327
262874.262216 3808359.798696
262963.066733 3808438.679015
263048.182078 3808514.370111
263117.361782 3808576.216062
263134.949581 3808590.855591
263132.590221 3808594.066673
263129.725530 3808597.506380
263268.074108 3808428.018695
263991.159316 3808125.409655
264027.536545 3808138.132978
264033.242355 3808140.128649
264297.786906 3808200.765875
264332.142617 3808187.211759
264313.682314 3808141.720580
264382.818190 3808110.253293
264477.109096 3808055.223922
264515.350803 3808033.985424
264569.425924 3808096.562531
264582.450451 3808112.910728
264730.401274 3808045.700610
264793.718563 3808112.880039
264867.784098 3808166.120736
264903.523083 3808196.939260
264918.099818 3808236.853885
264987.609963 3808197.793945
265041.243081 3808167.678375
265061.954112 3808206.695420
265132.792683 3808181.576279
265136.815314 3808189.361821
265141.260546 3808198.807755
265185.040773 3808231.296256
265214.616162 3808219.719763
265255.946306 3808203.657326
265270.750388 3808197.959790
265361.964708 3808166.289255
265470.899490 3808128.072103
265450.329080 3808072.940979
265438.285019 3808013.324985
265435.376530 3807964.073051
265430.457892 3807877.506444
265427.126181 3807813.166689
265425.404333 3807735.093930
265477.332262 3807727.775045
265511.166364 3807723.239497
265533.206268 3807631.607293
265537.348505 3807632.366429
265548.524451 3807635.430625
265621.106345 3807655.335838
265629.559546 3807657.472737
265675.492087 3807664.522324
265687.646477 3807713.739152
265773.543601 3807703.789113
265804.451488 3807699.679693
265899.792798 3807677.274915
265981.451931 3807645.425542
266041.523090 3807626.340452
266064.772930 3807702.593071
266087.660009 3807777.541319
266232.551067 3807731.691639
266317.818079 3807733.013061
266320.251948 3807734.456577
266407.253306 3807787.446421
266511.970464 3807850.870556
266584.358023 3807896.165454
266656.822403 3807940.573981
266732.672459 3807987.522188
266807.783962 3807962.891907
266867.016656 3808000.353782
266915.640505 3808030.117361
266964.446398 3808059.608346
266988.878288 3808074.903621
267087.363896 3808134.845202
267094.803310 3808139.302501
267126.953955 3808159.412266
267194.898783 3808201.230522
267234.326324 3808224.328396
267256.523737 3808222.442120
267296.203559 3808247.056881
267325.890738 3808264.349050
267342.853163 3808274.636480
267355.932380 3808282.538942
267380.242902 3808297.425061
267429.047962 3808327.309867
267432.064085 3808329.161560
267449.465342 3808339.629347
267481.895707 3808360.969603
267515.040575 3808376.020893
267547.469535 3808382.870525
267609.615053 3808392.759199
267695.008734 3808407.359349
267728.649787 3808375.273110
267759.297052 3808318.118639
267799.369065 3808341.113122
267865.753699 3808317.510464
267851.657519 3808275.940119
267864.887968 3808271.463753
267887.505801 3808264.089772
267914.694223 3808256.537210
267931.744095 3808219.349287
267952.484648 3808114.086262
267994.781068 3808115.018860
268050.909733 3808114.593038
268118.524957 3808107.388686
268121.468012 3808072.195424
268127.530330 3808042.279974
268137.866693 3808014.123555
268145.614611 3807991.855559
268155.704419 3807963.751588
268166.531882 3807932.006592
268176.018836 3807907.509377
268189.263371 3807860.202275
268203.590295 3807811.289749
268215.094767 3807772.814056
268225.431918 3807740.515189
268209.768992 3807702.202147
268190.446627 3807664.470047
268238.217240 3807570.801103
268268.146105 3807584.439053
268305.682135 3807601.753222
268344.110486 3807618.899846
268452.274747 3807654.435771
268489.581318 3807666.728927
268526.059583 3807678.576292
268537.005001 3807649.458790
268549.685762 3807614.662247
268576.396892 3807624.031572
268614.990299 3807599.795994
268640.257592 3807608.356576
268643.257558 3807599.979228
268651.669874 3807576.505239
268668.195600 3807530.073390
268668.515807 3807529.171401
268674.940354 3807512.116509
268681.479457 3807492.052665
268690.197771 3807465.756262
268707.571160 3807418.545080
268725.724374 3807367.525328
268740.598266 3807324.230121
268747.784775 3807303.561478
268756.374003 3807278.748234
268774.939752 3807227.225261
268785.547024 3807196.883326
268794.419055 3807171.505055
268817.545818 3807107.724683
268842.613512 3807036.641729
268928.983557 3806912.964612
268964.621206 3806924.546446
268980.956568 3806878.564096
269019.311050 3806830.272871
269052.627636 3806788.078418
269078.985158 3806754.408689
269110.877968 3806713.023695
269140.947150 3806675.920203
269175.780334 3806640.110938
269211.596382 3806605.168430
269225.571924 3806591.327862
269252.441648 3806563.741262
269281.563655 3806534.498973
269293.269901 3806522.746370
269326.588131 3806483.725747
269341.794873 3806457.016877
269353.521066 3806455.983758
269391.883050 3806454.369084
269434.607940 3806453.337286
269447.161321 3806428.685959
269435.928715 3806411.735362
269422.858105 3806387.655737
269481.040831 3806342.215508
269468.232896 3806311.072281
269461.894237 3806285.580650
